  0.00000000	   0.07318405	   0.16581395	   0.34353989	   0.78324655	   1.47356253	   1.29497043	   1.50534169	   1.90106552	   2.07254280	   1.66653397
  0.00000000	   0.07728857	   0.19247750	   0.36347849	   0.64484649	   1.15433279	   1.07227395	   1.70800095	   1.58437588	   1.62050180	   1.41666019
  0.00000000	   0.07258566	   0.15304086	   0.29965518	   0.48609646	   0.70825799	   0.87221203	   0.88055156	   1.92939658	   1.46171006	   1.78284163
  0.00000000	   0.04664693	   0.10834044	   0.19991200	   0.32390001	   0.32589265	   0.50201445	   1.25033346	   1.32430242	   2.01427621	   1.80252440
  0.00000000	   0.07590350	   0.22392008	   0.42118469	   0.62614483	   1.02866594	   1.22092550	   2.06659036	   1.14967176	   1.55478961	   1.77722932
  0.00000002	   0.05594871	   0.14884724	   0.26527071	   0.49735138	   0.82371283	   1.19449694	   1.50238723	   1.37528729	   1.68008117	   1.79245071
  0.00000000	   0.08960075	   0.21634737	   0.37650192	   0.58178160	   0.75454338	   1.66624132	   1.60373431	   1.56558550	   1.37205585	   1.57925219
  0.00000000	   0.03771003	   0.09247422	   0.16562463	   0.29854150	   0.39859661	   0.64040410	   1.06226574	   1.17583222	   1.58053545	   2.06627069
  0.00000001	   0.09193078	   0.18853393	   0.40659233	   0.56494982	   0.90302882	   1.29439950	   1.47221139	   1.58624823	   1.47525383	   1.58487187
  0.00000002	   0.05841056	   0.13105373	   0.23962069	   0.44425521	   0.86323844	   1.20274486	   1.53294806	   1.89820723	   1.89250964	   1.39219522
  0.00000000	   0.10357306	   0.16367456	   0.27725522	   0.47713753	   0.80891607	   1.25238244	   1.54778142	   1.33557370	   1.65991072	   1.65376892
  0.00000000	   0.06565586	   0.17093622	   0.33159556	   0.65730818	   1.48383496	   2.17147116	   1.75522746	   1.81192519	   1.19848759	   1.63305247
  0.00000001	   0.05465215	   0.11788475	   0.23080353	   0.40797599	   1.38972797	   0.91124649	   2.53847367	   2.48022630	   1.77490760	   1.33330335
  0.00000000	   0.09149709	   0.21625147	   0.39153910	   0.67899959	   1.02491479	   1.52839163	   1.67034735	   1.42723466	   1.45763740	   1.48965295
  0.00000002	   0.06234479	   0.13145942	   0.22301232	   0.43714087	   0.78519084	   1.36464644	   1.31114300	   2.04119426	   2.14227234	   1.48075121
  0.00000000	   0.07768323	   0.17348558	   0.28888282	   0.45009510	   0.83878830	   1.07781372	   1.25536874	   1.64975403	   1.86072039	   1.80995268
  0.00000000	   0.07306251	   0.16626784	   0.33572940	   0.48959900	   0.91473779	   1.18836645	   1.43294884	   1.50641109	   1.13608096	   1.36310075
  0.00000002	   0.07977507	   0.18474182	   0.37370912	   0.67193259	   1.30758090	   1.78227942	   1.63171977	   1.35624513	   1.55358377	   1.10264806
  0.00000002	   0.06082329	   0.13480412	   0.20870961	   0.30170181	   0.55152340	   0.69128302	   0.63932322	   0.96564936	   1.30886267	   1.76902978
  0.00000000	   0.06618387	   0.13348565	   0.24645195	   0.38427218	   0.64718713	   1.00490261	   1.74045555	   1.39762129	   2.13363000	   0.86427041
  0.00000000	   0.08115044	   0.21654196	   0.39280468	   0.42357946	   0.57580831	   0.90929171	   1.22256264	   1.85445202	   1.71826022	   1.59586341
  0.00000002	   0.09542197	   0.23278429	   0.39721929	   0.58619558	   0.90632070	   1.23827330	   1.49972999	   1.38909091	   1.28399241	   1.63422084
  0.00000000	   0.06799840	   0.14676155	   0.26653989	   0.48732936	   0.92823946	   1.34230823	   1.33027920	   1.40256569	   1.71567212	   1.41547560
  0.00000001	   0.12480559	   0.21789333	   0.36195562	   0.74227135	   1.01256612	   0.99330737	   0.85262786	   1.28282437	   1.30323656	   1.45771781
  0.00000001	   0.04809607	   0.14652673	   0.29479746	   0.48981412	   0.76845432	   1.10574761	   1.47114039	   1.87930200	   1.62281784	   1.38477708
  0.00000000	   0.06359660	   0.13907131	   0.28327045	   0.52369334	   1.17096942	   2.03762432	   1.81793189	   1.73088754	   1.37132113	   2.06941609
  0.00000000	   0.07760020	   0.16178176	   0.30723389	   0.55710904	   0.70602716	   1.17494376	   1.35215717	   1.51634050	   1.77913144	   1.73323521
  0.00000001	   0.06252546	   0.12036775	   0.24456784	   0.48467988	   1.18353767	   2.06060658	   1.84086278	   1.52661913	   1.89873447	   1.58530132
  0.00000002	   0.06449391	   0.18880951	   0.32693885	   0.49652247	   0.79402196	   1.05354777	   1.51474539	   1.42515571	   1.73070647	   1.54668560
  0.00000003	   0.05868412	   0.11929443	   0.18815605	   0.43227784	   0.54176223	   1.03028011	   0.86060546	   1.96517379	   1.46487988	   1.45001286
  0.00000002	   0.07435765	   0.18317593	   0.35244444	   0.48716306	   0.64852626	   1.01378197	   1.28033299	   1.56805095	   1.36757292	   1.51988899
  0.00000000	   0.06706325	   0.13763343	   0.25770694	   0.48147414	   0.79897822	   1.23981397	   1.58803282	   1.48098864	   1.31573191	   1.51810709
  0.00000000	   0.05311158	   0.13587184	   0.29191952	   0.51663753	   0.93013844	   1.33014395	   1.17247211	   1.73129925	   1.75324738	   1.71376691
  0.00000002	   0.06508799	   0.12883697	   0.24743949	   0.40983225	   0.86136910	   1.57669234	   1.51996687	   1.44705254	   1.29751171	   1.17235140
  0.00000001	   0.05246871	   0.12427346	   0.18640784	   0.23955096	   0.37755270	   0.69488296	   1.37199170	   1.44171891	   1.84345356	   1.38996141
  0.00000000	   0.05257714	   0.12828070	   0.22242884	   0.44649447	   0.78567905	   1.57421521	   1.90448547	   1.27939622	   1.71240101	   1.68857551
  0.00000000	   0.06123604	   0.10699606	   0.18317035	   0.31618992	   0.56429865	   0.81522748	   1.67625477	   1.56410223	   1.59303228	   1.21992138
  0.00000002	   0.06653346	   0.16279343	   0.26537563	   0.40848320	   0.80498292	   1.93538328	   1.88912220	   1.71929948	   1.16530562	   1.26812084
  0.00000000	   0.13433302	   0.30053533	   0.46094181	   0.53360429	   0.67129952	   1.16046294	   1.38351855	   1.63616180	   1.56996029	   1.03859220
  0.00000000	   0.05319582	   0.10423583	   0.23025642	   0.57940419	   0.96193358	   1.36177468	   1.23924181	   1.56122199	   1.03584680	   1.34116969
  0.00000002	   0.05422424	   0.12362203	   0.20052672	   0.36357681	   0.51544489	   0.53684843	   1.69535133	   1.81822205	   1.63997226	   1.38753142
  0.00000001	   0.04683140	   0.09337173	   0.15664903	   0.29434462	   0.79080671	   1.72093117	   1.83907040	   1.97447134	   1.41552059	   1.69147284
  0.00000000	   0.05144088	   0.13511328	   0.26229205	   0.38906366	   0.71186014	   1.25444909	   2.33998209	   1.48653091	   1.88778288	   1.47518648
  0.00000000	   0.04777079	   0.11974511	   0.23356085	   0.35462775	   0.55183288	   0.98956957	   1.66309341	   1.58114890	   1.38082233	   1.01890214
  0.00000000	   0.06604248	   0.17291038	   0.30225777	   0.47390855	   0.69911078	   1.80485505	   1.93987990	   2.20803151	   1.62634701	   1.88748342
  0.00000000	   0.05824853	   0.18521336	   0.35975032	   0.55518002	   0.68827955	   1.31179637	   1.66882663	   1.59193799	   2.04987547	   1.96112188
  0.00000000	   0.06281398	   0.12854788	   0.24068754	   0.34379626	   0.55684132	   0.93132496	   1.39637118	   2.02580209	   1.48656111	   1.30165310
  0.00000000	   0.05461187	   0.11405209	   0.19232582	   0.33207185	   0.63634218	   1.98101085	   0.97332093	   0.91968806	   1.29009897	   1.79923603
  0.00000000	   0.09720034	   0.22500282	   0.42697317	   0.75150070	   1.21627805	   1.39455048	   1.28749595	   1.83166088	   1.24833943	   1.29534403
  0.00000000	   0.09088358	   0.17594770	   0.27610727	   0.52944705	   0.88126455	   1.38573032	   1.32186997	   1.47781250	   1.24719100	   1.42441624
  0.00000000	   0.08254309	   0.17084705	   0.30670343	   0.58409622	   0.87906681	   0.98743360	   0.78314784	   1.67361617	   1.25410245	   1.66918647
  0.00000001	   0.09239164	   0.19184006	   0.35727029	   0.62720952	   0.99264984	   1.48853646	   1.53163572	   1.31442300	   1.31743556	   1.57413878
  0.00000000	   0.07269435	   0.14984328	   0.26657956	   0.42731355	   0.70464525	   1.79971615	   1.95130102	   1.07595256	   1.30986586	   1.75784662
  0.00000000	   0.05822328	   0.12885846	   0.17799111	   0.31332362	   0.62455685	   0.99206242	   1.53710148	   1.59810990	   1.52036301	   1.43077663
  0.00000000	   0.07093965	   0.20079846	   0.38460158	   0.67151493	   1.17503182	   1.45707290	   1.20704684	   1.79333525	   1.55964136	   1.62797043
  0.00000000	   0.06001034	   0.12436244	   0.20314863	   0.37261335	   0.63067232	   0.85786375	   0.99234201	   1.62230551	   1.77447157	   1.83948691
  0.00000000	   0.06382822	   0.10179923	   0.20450376	   0.49611656	   1.31153246	   1.87092172	   1.61470063	   1.22272091	   2.20614761	   1.61099086
  0.00000000	   0.05872312	   0.16919492	   0.26118094	   0.35487064	   0.50571933	   1.00662027	   1.37967042	   2.13765783	   2.17841578	   1.90470088
  0.00000000	   0.04778413	   0.12388965	   0.18492271	   0.34306159	   0.56798396	   1.13144997	   1.49698219	   1.66875759	   1.73474619	   1.33775598
  0.00000000	   0.09096552	   0.20829026	   0.34265239	   0.68474767	   1.34846197	   1.67456023	   1.39638355	   1.19025120	   1.20658092	   1.13808141
  0.00000002	   0.06229632	   0.12961130	   0.22878090	   0.42950255	   0.87416293	   2.00445949	   1.59238655	   1.88223126	   1.85913524	   1.84694961
  0.00000000	   0.10449328	   0.23647203	   0.47782734	   0.70526083	   1.00316129	   1.45174475	   1.44588474	   1.73838577	   1.68497504	   1.20347240
  0.00000000	   0.04071077	   0.10414716	   0.17366264	   0.35606345	   0.59968972	   1.31392212	   1.36030104	   1.53778249	   1.53166876	   1.85077748
  0.00000000	   0.07492587	   0.18144686	   0.33503109	   0.48847980	   0.74739979	   1.42435701	   1.02825282	   1.74424953	   1.27688907	   1.60640249
  0.00000000	   0.08283914	   0.19679934	   0.42100336	   0.82114871	   1.24267107	   1.14045995	   1.53213448	   1.80213499	   1.44860313	   1.37292030
  0.00000000	   0.09378173	   0.21847175	   0.34292486	   0.43506551	   0.68241167	   0.93562674	   0.80504614	   1.50273892	   1.32330334	   1.44016904
  0.00000001	   0.05200598	   0.11228025	   0.20066726	   0.37465511	   1.18476191	   1.95908554	   1.80693454	   2.30205480	   0.64627681	   2.02092721
  0.00000001	   0.05718312	   0.11721794	   0.21613975	   0.34744121	   0.61079099	   0.75747104	   0.98213081	   2.01156222	   1.67682504	   1.55168185
  0.00000000	   0.07527375	   0.16985223	   0.30336449	   0.55680749	   0.87947665	   1.22431646	   1.89333467	   1.42647604	   1.75379710	   1.46826978
  0.00000000	   0.05481492	   0.10692214	   0.16166626	   0.29621060	   0.50655365	   0.62765605	   0.74764392	   1.91913836	   1.11681910	   1.54559342
  0.00000000	   0.07587240	   0.17696805	   0.29598793	   0.42703021	   0.82684259	   1.60291880	   1.86394123	   1.82739022	   1.85369363	   1.64905042
  0.00000000	   0.07551115	   0.14689998	   0.27970064	   0.45240982	   0.80540294	   1.13569497	   1.71538573	   1.56976659	   1.38344962	   1.56526445
  0.00000000	   0.07524998	   0.15467953	   0.26537736	   0.42506628	   0.73791455	   1.13306170	   1.34369564	   1.83437488	   1.55575729	   1.70835437
  0.00000000	   0.08753346	   0.22417413	   0.39063201	   0.74475488	   1.25287192	   1.26910890	   1.39594118	   1.58601856	   1.77847336	   0.99291786
  0.00000000	   0.07359602	   0.13589664	   0.19035899	   0.32774507	   0.43423699	   0.74645433	   1.83554432	   2.17864688	   1.97302864	   2.17496171
  0.00000000	   0.05125329	   0.10736799	   0.19807020	   0.29487522	   0.64008800	   1.60609273	   1.59528117	   2.14712369	   1.49228828	   1.64048020
  0.00000000	   0.06181434	   0.13240909	   0.23605855	   0.40669493	   0.97077243	   1.56943866	   1.59980213	   1.74568059	   1.87468260	   1.26606655
  0.00000000	   0.04756988	   0.12602797	   0.21932533	   0.33583906	   0.99495404	   1.86571929	   1.43675883	   1.23792552	   1.62882462	   1.98469521
  0.00000001	   0.07954327	   0.15537980	   0.27400676	   0.45090358	   0.68843917	   0.89300286	   0.97223054	   1.10316804	   1.54116247	   1.72112949
  0.00000001	   0.05048832	   0.10023908	   0.16501043	   0.25346826	   0.42781276	   0.72403083	   1.32806876	   2.05980571	   1.38495373	   1.78538944
  0.00000000	   0.08446538	   0.22947523	   0.44707835	   0.72965298	   1.17203300	   1.47536517	   1.62545137	   1.94470324	   1.53892902	   2.15565794
  0.00000000	   0.08911330	   0.20946258	   0.46081924	   0.86213124	   1.40283373	   1.12235531	   1.26583055	   1.08250899	   1.60115426	   1.07015438
  0.00000001	   0.08271358	   0.20056540	   0.44782168	   0.82574542	   1.22334309	   1.61238700	   1.79289689	   1.62294979	   1.87313803	   1.62595142
  0.00000000	   0.06430721	   0.13588693	   0.27343942	   0.36743632	   0.94821423	   1.57976803	   1.80776234	   1.60812129	   1.41085556	   1.31319252
  0.00000000	   0.07586389	   0.17844161	   0.28143336	   0.49846242	   1.02088138	   1.55977839	   1.23716184	   1.31695944	   1.18228773	   1.08487987
  0.00000000	   0.06589487	   0.14699303	   0.21780939	   0.28580118	   0.42039916	   1.16015052	   1.75925602	   1.26279998	   1.37505846	   1.64135709
  0.00000001	   0.11130100	   0.29533604	   0.49323071	   0.89272607	   1.21329035	   1.55250499	   0.80505884	   1.76599292	   1.46642734	   1.34439257
  0.00000002	   0.07001191	   0.15718320	   0.28333013	   0.34050429	   0.45555036	   0.74129659	   1.49732672	   1.22633401	   1.50375761	   1.58781565
  0.00000000	   0.07082420	   0.14598972	   0.24210752	   0.38913915	   0.73955616	   2.16953704	   1.93839442	   1.62432606	   1.54254392	   1.81476946
  0.00000002	   0.06594089	   0.17699532	   0.32671784	   0.62033774	   1.14367260	   1.27603298	   1.33307613	   2.22217564	   1.23675619	   1.47983440
  0.00000002	   0.05271429	   0.11958116	   0.19067573	   0.32157942	   0.46671664	   0.90587068	   1.68092406	   1.70038433	   1.70562476	   1.31926555
  0.00000000	   0.05798116	   0.12569394	   0.22371041	   0.37576432	   0.65913591	   0.99822947	   1.51937597	   1.93092455	   1.71141326	   1.28542501
  0.00000001	   0.07357045	   0.19403894	   0.33954195	   0.60874981	   1.08307087	   1.36181860	   1.07357545	   1.61826633	   1.06410539	   1.66181043
  0.00000000	   0.09705910	   0.19156898	   0.33897151	   0.59406214	   0.89593526	   1.38493735	   1.38472983	   2.02526587	   1.40030882	   1.43323267
  0.00000000	   0.05113523	   0.12818767	   0.20307634	   0.31522391	   0.39736995	   0.44359181	   0.86875111	   1.73442859	   1.71802088	   1.18782341
  0.00000000	   0.08696217	   0.21505859	   0.51923822	   1.09843811	   1.32164592	   0.98540408	   1.87548744	   1.56555712	   1.51249418	   1.77003483
  0.00000000	   0.04034422	   0.10567669	   0.24233004	   0.49146958	   0.68797602	   0.63996247	   0.62525185	   1.47151642	   1.58879111	   2.14799252
  0.00000000	   0.06201094	   0.13540909	   0.22177186	   0.29845020	   0.55819599	   0.88196693	   1.86331724	   1.15255715	   1.27948796	   1.82378261
  0.00000000	   0.07845814	   0.16734425	   0.29831974	   0.44219497	   0.41975342	   0.47646637	   0.66711962	   1.59827629	   1.51254943	   1.85725862
  0.00000001	   0.06088473	   0.12133684	   0.26063210	   0.43172945	   0.83131797	   0.98238791	   0.71041977	   1.08053548	   1.86891038	   1.43277367
  0.00000002	   0.05285043	   0.13747732	   0.36846753	   0.61765438	   0.90712653	   1.00328149	   1.20496771	   1.35776542	   1.79878356	   1.74712809
  0.00000000	   0.05799743	   0.11482697	   0.20345621	   0.34916418	   0.57481122	   0.69417818	   0.89035441	   1.51645118	   1.54479934	   1.47109764
  0.00000000	   0.10008972	   0.16996756	   0.33592042	   0.60109324	   0.93394072	   1.09506035	   1.34415665	   0.94174232	   1.72867216	   1.68246057
  0.00000000	   0.08400164	   0.17742086	   0.33786561	   0.51023376	   1.09198461	   1.65277440	   1.68141362	   1.47194782	   1.45544971	   1.93270453
  0.00000000	   0.05057168	   0.11972792	   0.19695291	   0.26979142	   0.54352066	   1.90178452	   1.18948771	   1.22587825	   1.46197128	   1.65667259
  0.00000000	   0.05237484	   0.12484247	   0.26160019	   0.47386859	   0.76392154	   1.13768913	   1.66196252	   1.44908798	   1.28668148	   1.51670455
  0.00000001	   0.05294346	   0.12800597	   0.20573028	   0.29750433	   0.83705341	   2.10607994	   1.60782312	   1.46292475	   1.23680540	   1.56726099
  0.00000002	   0.06232593	   0.15463916	   0.29911812	   0.44179289	   0.64945455	   0.76942948	   1.08632704	   1.71480318	   1.71454912	   1.90371474
  0.00000000	   0.04458255	   0.08584795	   0.13747408	   0.26719032	   0.47094466	   0.74607014	   0.86446150	   1.48917800	   1.91180556	   1.46891926
  0.00000000	   0.06897271	   0.15097425	   0.29237898	   0.49424507	   0.80211121	   1.13629587	   1.81795294	   1.73073098	   1.50309956	   1.82862658
  0.00000000	   0.06070691	   0.12864585	   0.22285475	   0.30640330	   0.47417881	   1.05300255	   1.93525054	   1.86025852	   1.37450605	   1.78907288
  0.00000000	   0.06301938	   0.16034083	   0.22846832	   0.45778218	   1.09025704	   1.54932643	   1.28643182	   1.26238354	   1.16696008	   1.49097437
  0.00000000	   0.07436714	   0.16610726	   0.28851197	   0.41621327	   0.43429459	   2.00523637	   1.40756104	   2.07612519	   1.41688605	   1.40484176
  0.00000001	   0.06858044	   0.14505468	   0.27850774	   0.55821701	   1.02168192	   1.23573521	   0.96308801	   1.07915136	   1.86270090	   1.80239683
  0.00000002	   0.06695675	   0.17278735	   0.32855031	   0.63765633	   1.17561646	   1.22967422	   1.21054213	   1.35890374	   1.37229033	   1.04312369
  0.00000002	   0.07222558	   0.15622978	   0.26957025	   0.44499082	   0.79544915	   0.78139001	   0.78031905	   1.78830155	   2.11958451	   1.99396205
  0.00000000	   0.08991133	   0.19142832	   0.30755700	   0.57712991	   0.94069917	   1.29839401	   1.22576180	   1.61759627	   1.47667927	   1.58552840
  0.00000000	   0.07112452	   0.16584415	   0.28650890	   0.54737952	   1.88175535	   1.34201375	   1.34110705	   1.75150687	   1.18151188	   1.54839892
  0.00000000	   0.05316869	   0.10595008	   0.17539108	   0.29821359	   0.48400951	   1.01773562	   1.33637381	   1.30385913	   1.70904412	   1.64941755
  0.00000000	   0.07358893	   0.16596276	   0.27812477	   0.51864377	   0.99887939	   1.64962750	   1.79416144	   1.45547059	   1.56588962	   1.54933023
  0.00000000	   0.08567814	   0.18923452	   0.29493251	   0.54824510	   0.93243100	   1.32621639	   1.30810383	   1.51508113	   1.51475703	   1.68844474
  0.00000000	   0.11023177	   0.23633293	   0.35921970	   0.57282015	   1.03171628	   1.31179827	   1.04627654	   1.24742441	   1.50442409	   1.74866984
  0.00000000	   0.05407157	   0.12938658	   0.20265531	   0.26673194	   0.48300001	   0.95835002	   1.22140674	   2.14642891	   1.28186487	   1.45399239
  0.00000000	   0.05840177	   0.15195496	   0.22710048	   0.36955800	   0.73576626	   1.18785689	   1.82339285	   1.52180613	   1.64060752	   1.42158852
  0.00000002	   0.05032399	   0.13939203	   0.30369470	   0.52049395	   0.90418613	   1.30091774	   1.32653305	   2.02508974	   1.79055285	   1.47221295
  0.00000002	   0.08336310	   0.17687621	   0.31244113	   0.53124108	   0.88565704	   1.29114833	   1.47664380	   1.34759744	   1.75265543	   1.11770031
  0.00000000	   0.05833245	   0.14520398	   0.24355216	   0.35050972	   0.54694947	   0.93598297	   1.91622519	   1.81555567	   1.55123256	   1.70115918
  0.00000000	   0.09144163	   0.16697770	   0.39409129	   0.89208690	   1.14604549	   1.25295090	   1.25228722	   1.29814462	   1.84185661	   1.64639861
  0.00000000	   0.04949339	   0.10372792	   0.19629326	   0.40610455	   0.75959834	   1.98930332	   2.16904502	   1.46930520	   1.56824764	   1.10421756
  0.00000001	   0.08021196	   0.22055218	   0.38760984	   0.66686687	   0.97996502	   1.27474163	   1.98640416	   1.96404905	   1.90558392	   1.62624182
  0.00000002	   0.08677398	   0.19606012	   0.40277951	   0.79358914	   1.18743543	   1.70330112	   1.21531110	   2.23560122	   1.18966886	   1.16877308
  0.00000000	   0.06578748	   0.14262660	   0.25973859	   0.42242084	   0.58543561	   0.71332099	   1.13975282	   1.89459215	   1.96232528	   2.02281676
  0.00000001	   0.03830369	   0.08159286	   0.12444500	   0.19438132	   0.36677961	   0.97170900	   2.14692182	   2.33256475	   2.33366900	   1.58311832
  0.00000000	   0.09190010	   0.23499078	   0.41942267	   0.74243007	   1.25014534	   1.53423500	   1.47540548	   1.25732091	   1.49650389	   2.25565281
  0.00000000	   0.06602154	   0.13742362	   0.22396278	   0.35921393	   0.74868797	   1.52634157	   1.26613671	   1.07481449	   2.09936456	   1.10903911
  0.00000000	   0.06602558	   0.15553521	   0.25014952	   0.39641762	   0.58167810	   0.95444753	   2.09702741	   2.19865745	   1.73240018	   0.93926183
  0.00000000	   0.10103397	   0.21227550	   0.48883678	   1.06039585	   1.56304974	   1.38392070	   1.65237030	   1.95950071	   1.72173174	   0.88412007
  0.00000003	   0.09509871	   0.20059509	   0.35905170	   0.63260787	   0.99844533	   1.66516910	   1.49038997	   1.22308342	   1.72377048	   1.43711975
  0.00000000	   0.06653036	   0.17313754	   0.29632018	   0.48722953	   0.70084989	   0.80319021	   0.89671303	   2.02198269	   1.19451143	   1.83133217
  0.00000000	   0.07927087	   0.13673979	   0.18640971	   0.27277607	   0.47503462	   0.76906987	   1.17020996	   1.40110337	   1.74545398	   1.47971183
  0.00000000	   0.07745860	   0.18407676	   0.30186799	   0.41590582	   0.58111641	   1.43299959	   1.84532626	   2.18621371	   1.77875147	   1.80254788
  0.00000000	   0.09229162	   0.16413298	   0.28774881	   0.41980792	   0.70959243	   0.78610010	   1.22525722	   1.35779819	   1.62647389	   1.16927838
  0.00000000	   0.05663265	   0.12993914	   0.23719938	   0.43637373	   0.83964083	   1.75938956	   2.17244544	   1.71549252	   1.48492421	   1.80255453
  0.00000000	   0.07035607	   0.16023027	   0.24460610	   0.32190106	   0.51046906	   0.52936290	   0.57556433	   1.54088756	   1.14816610	   1.83644732
  0.00000000	   0.07019442	   0.15503534	   0.37620422	   0.79169164	   1.36756840	   1.52884993	   1.09535851	   1.24782565	   0.85022388	   1.61749256
  0.00000000	   0.05767575	   0.13926514	   0.27085018	   0.47110845	   1.10212411	   1.86334537	   1.12105224	   1.42925864	   1.76988521	   1.56904108
  0.00000000	   0.07961550	   0.16832528	   0.25753984	   0.52304805	   0.97644470	   1.65021426	   1.44619180	   1.52753750	   1.58773094	   1.53344621
  0.00000002	   0.13570522	   0.30702297	   0.50850140	   0.66859123	   0.83373121	   1.02840566	   1.77262447	   1.38918097	   1.08639236	   1.07929525
  0.00000001	   0.08093447	   0.15247869	   0.30951072	   0.51463529	   0.72897466	   0.87294820	   1.87800725	   1.72264906	   1.55409498	   1.53189158
  0.00000002	   0.05732989	   0.10020810	   0.17742830	   0.40591747	   0.76098991	   0.90545146	   0.89632889	   1.63901165	   1.77904753	   1.47678101
  0.00000000	   0.09453424	   0.25994939	   0.51630511	   1.01780753	   1.51223277	   1.59080608	   1.64520204	   1.62640040	   1.65194858	   1.58772449
  0.00000000	   0.08440908	   0.17576785	   0.31072069	   0.67217476	   1.12794527	   1.55634253	   1.16758722	   1.13047273	   1.33102439	   1.37823638
  0.00000001	   0.05702974	   0.12589604	   0.19746761	   0.36009050	   0.92453658	   2.26838405	   2.46941048	   1.36623722	   1.86862897	   1.15761080
  0.00000001	   0.07833234	   0.15283970	   0.28881205	   0.62869724	   1.16842862	   1.33531182	   1.53491567	   1.56828293	   1.76470699	   1.56653093
  0.00000000	   0.04927712	   0.11242798	   0.19990721	   0.29751924	   0.36081006	   0.62703959	   1.47654407	   1.85343331	   1.61098543	   1.83152764
  0.00000003	   0.07357074	   0.16517129	   0.30267401	   0.46005452	   0.67447133	   1.45686895	   2.09173011	   1.41362775	   1.64609235	   1.70476111
  0.00000001	   0.05284729	   0.10425840	   0.16679286	   0.25187953	   0.32715881	   0.37757705	   1.26240563	   1.50009581	   1.40437949	   1.23043187
  0.00000000	   0.05058028	   0.11491571	   0.22782764	   0.36657823	   0.56777392	   1.49476656	   2.04550712	   1.90724343	   1.68962211	   1.84314184
  0.00000001	   0.11173897	   0.23421765	   0.39960569	   0.70528849	   1.03058311	   1.27972271	   1.72818364	   1.67152567	   1.58075900	   1.33999182
  0.00000000	   0.06036342	   0.14688093	   0.29067040	   0.59166049	   0.82263442	   1.17900491	   1.61138699	   1.52416073	   1.37916569	   1.55272443
  0.00000000	   0.07226597	   0.16725135	   0.28415670	   0.48753766	   0.77020213	   1.99962172	   1.51142732	   1.55135048	   1.78876286	   1.01808440
  0.00000000	   0.06447194	   0.14021981	   0.23065939	   0.36618001	   0.51196167	   1.02103891	   1.86731478	   1.92394532	   1.17419208	   1.24886785
  0.00000001	   0.04529008	   0.12754662	   0.23441699	   0.38108055	   0.58479316	   0.81042683	   1.54933511	   1.62008515	   1.14388318	   0.95086132
  0.00000000	   0.05062106	   0.11410974	   0.18660627	   0.22807528	   0.30085063	   0.66397556	   0.80890137	   0.75182328	   1.59948925	   1.39220883
  0.00000003	   0.04927451	   0.10246322	   0.15402867	   0.27551820	   0.66486867	   1.58085020	   1.84699660	   1.27062833	   1.73169515	   1.47140283
  0.00000000	   0.05588870	   0.13844160	   0.25281784	   0.48892710	   0.87496280	   1.71989871	   1.76035366	   1.48852837	   2.23400829	   1.42362120
  0.00000000	   0.04143692	   0.10719035	   0.13575171	   0.20413747	   0.50352133	   0.75550504	   1.37660539	   1.61521391	   1.37782530	   1.50952369
  0.00000003	   0.05111581	   0.11339180	   0.15117463	   0.26334744	   0.56686865	   1.26157027	   1.90122475	   1.57588908	   1.55977722	   1.48412249
  0.00000000	   0.07431806	   0.15457269	   0.33924183	   0.74841401	   1.06286490	   1.40405531	   2.18664558	   2.25717381	   1.79076425	   1.83910628
  0.00000001	   0.08610513	   0.21929413	   0.50317472	   0.89304252	   1.07125734	   1.20456481	   1.27726315	   1.85364116	   0.92653917	   1.74865524
  0.00000001	   0.04727520	   0.10433614	   0.19385435	   0.26583041	   0.24738709	   0.39442264	   0.89486494	   1.51161398	   1.89712059	   2.06341670
  0.00000002	   0.06531618	   0.15278776	   0.27984226	   0.44171724	   0.67839029	   1.23347770	   2.13174614	   2.10631895	   1.30896418	   1.07729226
  0.00000000	   0.06069256	   0.14014315	   0.24033762	   0.45061805	   0.73575875	   1.83181363	   1.42594346	   1.36984567	   1.45959528	   1.77819553
  0.00000000	   0.05084623	   0.12546635	   0.23997804	   0.38848153	   0.71784877	   1.65507055	   2.31610455	   1.74042196	   1.16180445	   1.85843228
  0.00000000	   0.07520416	   0.16082152	   0.26978015	   0.38042604	   0.85208028	   1.34509059	   1.57627268	   1.56474856	   1.35845895	   1.36182689
  0.00000000	   0.07720763	   0.18881292	   0.37801960	   0.57137670	   0.88492114	   1.68670001	   1.35538252	   1.39628935	   1.90047410	   1.72880891
  0.00000000	   0.08459153	   0.19371469	   0.28930998	   0.42607657	   0.66451430	   0.78232199	   0.73669681	   0.94764826	   1.39217739	   1.64237723
  0.00000000	   0.10171517	   0.23120450	   0.39009914	   0.63197500	   0.98295134	   1.43104111	   1.88302679	   1.81246943	   1.60869708	   1.40218699
  0.00000000	   0.07389115	   0.16083015	   0.32959716	   0.56075169	   0.93302804	   1.23690261	   0.97812828	   0.72383965	   1.55448895	   1.31905139
  0.00000000	   0.06417079	   0.12760149	   0.23029210	   0.37567841	   0.54391296	   1.25462033	   2.00054094	   2.08244642	   1.64939396	   0.93981290
  0.00000002	   0.05804243	   0.13308639	   0.27505616	   0.56789437	   1.49008841	   1.77575823	   0.84867199	   1.89792385	   1.65618617	   1.40907303
  0.00000001	   0.05649002	   0.11219862	   0.18514442	   0.26872584	   0.33162247	   0.45460516	   0.84382251	   1.09651387	   2.04823812	   1.40186903
  0.00000001	   0.05487946	   0.12193983	   0.20513716	   0.29979992	   0.51781417	   1.51786239	   2.09439476	   1.31028204	   1.84165007	   1.50929254
  0.00000002	   0.06933896	   0.15407655	   0.34459100	   0.75360036	   1.42364514	   1.65381418	   1.76634470	   1.23955893	   1.21823693	   1.47745145
  0.00000000	   0.06847617	   0.14749288	   0.27574683	   0.43316427	   0.82349787	   1.74602334	   1.37417000	   1.30759769	   1.99674153	   1.44318143
  0.00000000	   0.06237117	   0.13606201	   0.20863735	   0.30498270	   0.57130198	   1.31887606	   1.57141213	   1.60652630	   1.32468328	   1.68154269
  0.00000001	   0.05282670	   0.10899504	   0.19694740	   0.31341202	   0.49796563	   0.46777107	   0.95765391	   1.46046877	   1.67797870	   1.09357680
  0.00000000	   0.07122958	   0.16874188	   0.31358871	   0.46154476	   0.88372548	   1.10012451	   1.48549489	   1.60068910	   1.38498204	   1.56280962
  0.00000000	   0.06043482	   0.14791094	   0.28693663	   0.68074246	   1.19214384	   1.37497445	   2.03299760	   2.17736805	   1.47439814	   1.22764648
  0.00000000	   0.08445781	   0.16737870	   0.27453464	   0.40886051	   0.60028292	   1.11192296	   1.71529248	   1.32721401	   1.88420814	   1.51757794
  0.00000000	   0.07169053	   0.15230425	   0.22670891	   0.34976398	   0.68497333	   1.23352497	   1.72950874	   1.72341823	   1.20362120	   1.10142370
  0.00000000	   0.10511906	   0.25899509	   0.50665572	   0.92121035	   1.28429714	   1.00108111	   1.77827671	   1.48233841	   1.13368219	   1.68657163
  0.00000000	   0.07032250	   0.17680353	   0.34832245	   0.64418895	   0.94397802	   1.14467362	   1.95970076	   1.12076209	   1.03908448	   0.86352361
  0.00000002	   0.06520864	   0.17022414	   0.33690078	   0.52906086	   0.98319025	   1.24336435	   1.68439803	   1.63620551	   1.09254836	   1.61603345
  0.00000000	   0.09505897	   0.19202642	   0.31659391	   0.48951620	   0.74435150	   1.16604999	   1.33271185	   1.11513674	   1.93242349	   1.42000899
  0.00000000	   0.08556920	   0.19023805	   0.33407531	   0.52612443	   0.71111171	   1.31936215	   1.77896884	   1.91169126	   1.75504171	   1.63390814
  0.00000002	   0.07404603	   0.18321030	   0.30273327	   0.48794823	   0.82037800	   1.03607966	   1.43422685	   1.73287343	   1.66171742	   1.67570582
  0.00000001	   0.07129163	   0.13301610	   0.23836832	   0.56731693	   0.82707270	   1.04295743	   1.79900621	   1.81092804	   1.28049100	   1.39801448
  0.00000000	   0.07913801	   0.15427885	   0.26826894	   0.51433745	   0.97915034	   1.50574418	   1.37039376	   2.02183023	   1.63084761	   1.60708557
  0.00000001	   0.07433895	   0.17436723	   0.22238570	   0.28594160	   0.62313998	   0.76843287	   0.74378756	   1.10565363	   1.54093322	   2.02236579
  0.00000000	   0.05240694	   0.10471483	   0.28640920	   0.54642605	   0.75241753	   1.03503508	   1.24312481	   1.36929831	   1.28907762	   1.83242540
  0.00000003	   0.04641812	   0.09099909	   0.15633832	   0.25984918	   0.51359313	   0.97238164	   1.33954520	   1.94607108	   2.10168192	   1.35437512
  0.00000001	   0.06966580	   0.17090988	   0.34662073	   0.58879994	   1.03385343	   1.50203720	   1.03459747	   0.82757088	   1.66077789	   1.44221145
  0.00000000	   0.06251263	   0.11926143	   0.21354990	   0.25001632	   0.30426036	   0.30879955	   0.42091163	   0.44401951	   0.51119980	   0.79655776
  0.00000000	   0.06132751	   0.13785899	   0.30626018	   0.52421697	   0.81794411	   0.96753945	   1.08604373	   1.26951074	   1.67840095	   1.63579447
  0.00000001	   0.08456829	   0.18441642	   0.44452420	   0.64362296	   0.89906634	   1.94500594	   1.54520319	   1.46479373	   1.36611867	   1.69623379
  0.00000000	   0.05553150	   0.13667789	   0.21027785	   0.27895429	   0.43328135	   1.07336783	   1.74067614	   1.48279040	   1.60984911	   0.99758702
  0.00000000	   0.09765206	   0.21637867	   0.45408487	   0.77607047	   1.10365417	   1.40802441	   1.58457663	   1.65628446	   1.28049761	   1.41774711
  0.00000000	   0.09897495	   0.19795318	   0.27469929	   0.52273732	   1.23487221	   1.48535384	   1.55841422	   1.02303411	   1.61429586	   1.35909301
  0.00000000	   0.05050507	   0.13386533	   0.19664292	   0.29160562	   0.53507539	   0.35321039	   1.23944430	   1.62969825	   1.45725627	   1.44425090
  0.00000000	   0.07004059	   0.13725726	   0.25310718	   0.36338584	   0.72704353	   1.88073777	   1.51392837	   1.21017926	   1.53035203	   1.56592748
  0.00000000	   0.09905439	   0.18732547	   0.31294151	   0.45521447	   0.63918447	   1.04856601	   1.72742885	   1.93026787	   1.66062171	   1.58387121
  0.00000000	   0.06184504	   0.13860150	   0.25712988	   0.39733874	   0.62906343	   1.18010756	   1.34510921	   1.64608133	   2.00526131	   1.31989037
  0.00000000	   0.07602157	   0.22429964	   0.44384134	   0.59722586	   0.88151107	   1.22750323	   1.14754983	   1.35385851	   1.27013880	   1.47063598
  0.00000000	   0.07523347	   0.17318029	   0.29962691	   0.46877322	   0.78494917	   1.34817580	   1.88293016	   1.56161816	   1.29073509	   1.43085477
  0.00000000	   0.04756726	   0.11857487	   0.20543952	   0.36787667	   0.70942432	   1.15336369	   1.66271964	   1.34403285	   1.51481392	   1.35252322
  0.00000000	   0.08714724	   0.22614547	   0.42453970	   0.78982153	   0.93529303	   1.41058848	   1.45483852	   1.24941580	   1.30216264	   1.58136155
  0.00000000	   0.06453125	   0.17742005	   0.30661900	   0.54925372	   0.78054139	   1.20807667	   1.65173523	   1.48693786	   1.58971023	   1.54996626
  0.00000000	   0.08754133	   0.20544648	   0.33000100	   0.55671509	   0.86922328	   1.65871628	   1.58782426	   1.92999518	   1.88300730	   1.51381916
  0.00000000	   0.06116330	   0.13410555	   0.19483319	   0.28373150	   0.39959880	   0.95390011	   1.18214390	   2.21446580	   2.01652205	   1.69509156
  0.00000000	   0.07889307	   0.14329012	   0.29169945	   0.68469963	   1.00853761	   1.05243378	   1.86272444	   1.42977980	   1.57722497	   1.37269673
  0.00000000	   0.05964328	   0.10925692	   0.17134064	   0.23481506	   0.39126879	   0.64744156	   1.51771668	   1.23522613	   1.37418144	   0.99844525
  0.00000000	   0.07020082	   0.13466213	   0.22403929	   0.39014923	   0.55588802	   0.62493478	   1.88611460	   1.40200231	   1.44443653	   1.62529900
  0.00000000	   0.08898189	   0.19647402	   0.35710832	   0.58438860	   0.98311794	   1.55917773	   1.60414580	   2.09974552	   1.81015174	   1.40602464
  0.00000000	   0.07538418	   0.17175625	   0.39419676	   0.75772537	   1.05493261	   1.84900653	   1.23022121	   1.35162471	   1.48222572	   1.64557274
  0.00000000	   0.05860246	   0.13285727	   0.22043016	   0.32287293	   0.37631413	   0.63213441	   1.28325505	   1.76180042	   1.66875848	   2.04037830
  0.00000000	   0.09107336	   0.19212954	   0.30512798	   0.42101033	   0.48279718	   0.60360716	   0.64901290	   2.37938927	   1.65202828	   1.42418279
  0.00000000	   0.06791108	   0.12100589	   0.18896525	   0.34612309	   0.47434343	   0.59114515	   0.71882150	   1.75324646	   1.72614568	   1.13217193
  0.00000000	   0.04917519	   0.09721270	   0.19565978	   0.41133950	   0.72223148	   1.97871853	   1.36848162	   1.31715247	   1.30836726	   1.84610522
  0.00000000	   0.07950895	   0.15735478	   0.27599499	   0.46510573	   0.67735895	   0.86025013	   1.30755869	   1.32784383	   1.34432324	   1.62036796
  0.00000000	   0.08368717	   0.17999601	   0.33361779	   0.56606541	   0.69413452	   0.56761398	   1.21341118	   1.17835783	   1.38718873	   1.26982729
  0.00000002	   0.07239541	   0.15536087	   0.29338421	   0.40444936	   0.70291624	   2.00158781	   1.24601742	   0.95382936	   1.84166660	   2.00287768
  0.00000002	   0.05936618	   0.13586780	   0.26408267	   0.49103370	   0.95453692	   1.53274060	   1.26613423	   1.37462613	   1.47406687	   1.57977126
  0.00000001	   0.04465733	   0.09153555	   0.14774379	   0.21081794	   0.36718754	   0.62028478	   1.85208841	   1.93168285	   0.94556741	   1.89673948
  0.00000000	   0.05612321	   0.11548466	   0.18699263	   0.33069336	   0.45350660	   0.45590163	   1.56578215	   1.14795882	   2.02068186	   1.32671971
  0.00000002	   0.07346199	   0.13006375	   0.23149439	   0.38162966	   0.64459922	   0.83575097	   1.32313300	   1.49841994	   1.76197275	   1.98833541
  0.00000002	   0.06432031	   0.13497692	   0.32587763	   0.74329047	   1.46469734	   1.22728908	   1.92167544	   1.80058158	   1.76223803	   1.74995808
  0.00000000	   0.08050334	   0.16412852	   0.36179214	   0.74637139	   1.50180531	   1.60293615	   1.20606964	   1.69739505	   1.04146047	   0.95509810
  0.00000000	   0.05135083	   0.11480836	   0.22694323	   0.38251211	   0.81271940	   1.52493440	   1.29969768	   1.29566983	   1.01162197	   1.86288561
  0.00000000	   0.08682876	   0.16787683	   0.33718336	   0.58316123	   0.91875531	   2.12063826	   2.20016414	   1.58230513	   1.14780500	   1.89466132
  0.00000002	   0.05962232	   0.11157664	   0.18501300	   0.31154637	   0.35008266	   0.44845282	   0.57754392	   1.79994050	   1.84463915	   1.94495554
  0.00000000	   0.06744194	   0.17747177	   0.29333457	   0.47628559	   0.88409251	   1.24996530	   1.37733627	   1.28480143	   1.34036907	   1.67644411
  0.00000000	   0.06490132	   0.14367604	   0.26613372	   0.48048075	   0.62027377	   0.76753427	   1.24252964	   1.55572942	   1.64464801	   1.66017809
  0.00000002	   0.07152969	   0.17025945	   0.28164117	   0.55871907	   0.95202353	   1.11419703	   1.36718912	   1.98302729	   1.27907018	   1.41116451
  0.00000000	   0.05161228	   0.09170505	   0.15823111	   0.21502707	   0.40477111	   0.84916191	   1.71335269	   1.09661707	   1.86904539	   2.13829043
  0.00000002	   0.07290896	   0.17330657	   0.33978739	   0.67419498	   0.95731756	   1.30675455	   1.43793350	   1.48566676	   1.38501184	   0.96067747
  0.00000000	   0.05554462	   0.13776098	   0.22576356	   0.35284315	   0.42574798	   0.81596220	   1.41990555	   1.68023790	   1.40536793	   2.10204160
  0.00000001	   0.09959123	   0.25087570	   0.33455337	   0.68783644	   0.96079028	   1.02695018	   1.46061183	   1.32537836	   2.00243578	   1.37739224
  0.00000000	   0.13688348	   0.24681044	   0.36401073	   0.70275250	   1.01703229	   1.29827419	   1.22868268	   1.68245099	   1.64022039	   1.90929934
  0.00000000	   0.06893859	   0.18726212	   0.39817664	   0.58891155	   0.89110582	   1.27996401	   1.33720546	   1.23887596	   2.05048463	   1.72054899
  0.00000000	   0.07642621	   0.17652234	   0.31175717	   0.59870585	   1.04382898	   1.37097841	   1.69541626	   1.07075053	   1.90601514	   1.51661338
  0.00000000	   0.07871930	   0.24786217	   0.50707593	   0.94949249	   1.43260077	   1.68545283	   1.64451257	   1.25624346	   1.45181342	   1.60111506
  0.00000001	   0.06121228	   0.15692243	   0.36099580	   0.50616702	   0.59025595	   0.79091804	   0.85590805	   1.10429963	   1.60088958	   1.72865906
  0.00000000	   0.05213727	   0.13375089	   0.24909561	   0.38295838	   0.62255123	   0.66696029	   2.27270883	   1.10998442	   1.88100782	   1.79750969
  0.00000000	   0.05872246	   0.11428272	   0.20402270	   0.33903301	   0.56780986	   2.08706898	   1.99253613	   2.08493259	   1.35229723	   2.19303384
  0.00000000	   0.06356701	   0.12463421	   0.22345552	   0.49357740	   0.97958199	   1.50310284	   1.43081366	   2.24432123	   1.00015226	   1.72970961
  0.00000001	   0.05880110	   0.11852896	   0.20496552	   0.34873182	   1.07072161	   2.18212930	   2.00470398	   1.66423886	   1.57696667	   1.59982186
  0.00000000	   0.04725715	   0.12068478	   0.19341828	   0.32933876	   0.47418768	   0.71227958	   0.92680343	   1.50127253	   1.50063116	   1.64672334
  0.00000000	   0.07387588	   0.17539600	   0.29817720	   0.51253939	   0.87357084	   1.38308500	   1.75557413	   1.34125657	   1.26494001	   1.30789820
  0.00000001	   0.06681912	   0.12173265	   0.21916277	   0.37482178	   0.89876726	   1.38478031	   1.75959606	   1.66943907	   1.73692879	   1.82596963
  0.00000000	   0.07616723	   0.21036592	   0.43160795	   0.65160494	   0.91708057	   1.58642011	   1.50035710	   1.31348323	   1.68392191	   0.96690241
  0.00000002	   0.04925731	   0.12392686	   0.24328998	   0.39600220	   0.53763714	   0.88575692	   1.19431708	   1.48605977	   1.86353338	   1.46209290
  0.00000000	   0.05119924	   0.13872427	   0.23329248	   0.34154001	   0.50332177	   0.54235886	   0.97997553	   1.32646218	   1.97534296	   1.53351853
  0.00000000	   0.13610479	   0.29357613	   0.47911198	   0.57690805	   1.02845104	   1.26020813	   1.65593098	   1.79685185	   1.77103603	   1.81943637
  0.00000000	   0.08566651	   0.16754801	   0.26823761	   0.39931206	   0.64561753	   0.72643573	   0.82000674	   1.11202571	   1.27381575	   1.69309634
  0.00000000	   0.05953824	   0.15242232	   0.29964202	   0.54960375	   0.91966954	   1.32363118	   1.40930517	   1.34882373	   1.76848241	   1.57851530
  0.00000000	   0.06547698	   0.14895252	   0.23845600	   0.46489903	   0.78241392	   1.05592197	   1.47050977	   1.79340524	   1.23442456	   1.14100122
  0.00000000	   0.05346564	   0.12070521	   0.20643569	   0.29372192	   0.53499337	   1.05363242	   1.43569071	   1.19349251	   1.61655131	   2.08235395
  0.00000000	   0.05535144	   0.11550670	   0.19677209	   0.50923112	   0.82689034	   1.30881847	   1.51180882	   1.39062222	   1.67676492	   1.60145137
  0.00000000	   0.06843309	   0.14709629	   0.25067128	   0.51234988	   1.48614737	   2.19752695	   2.24875440	   1.28545823	   1.19764122	   1.18698786
  0.00000000	   0.07800357	   0.19044806	   0.37563047	   0.70238106	   1.51042446	   1.83013982	   1.55210959	   1.50317072	   1.69813726	   1.44813082
  0.00000000	   0.05428242	   0.12735336	   0.27687874	   0.63553027	   1.29653168	   1.83125571	   1.22565841	   1.65017025	   1.77809104	   1.37122454
  0.00000000	   0.06860808	   0.18168682	   0.30678602	   0.49641520	   0.79787495	   1.13435763	   2.02517806	   1.90217449	   1.79155130	   1.20749670
  0.00000000	   0.05645483	   0.12311114	   0.24545415	   0.48926337	   0.78445197	   1.51011558	   1.83276349	   1.76782245	   1.95543110	   1.13158847
  0.00000000	   0.08654133	   0.18183760	   0.39255061	   0.70489133	   1.19241967	   1.45385029	   1.36507804	   2.03940822	   1.89130324	   1.45901046
  0.00000000	   0.05447825	   0.12262731	   0.18906270	   0.22636934	   0.24778556	   2.10230798	   1.67341732	   1.69223195	   2.06691245	   1.40297020
  0.00000000	   0.04237693	   0.09261369	   0.16795835	   0.32822282	   0.47901911	   0.93012315	   1.51704008	   1.23410937	   1.34924641	   1.90652754
  0.00000002	   0.05216024	   0.10995849	   0.20649309	   0.40257197	   0.62176489	   0.67715462	   0.84945015	   1.58342592	   1.82257750	   1.38189680
  0.00000000	   0.06330879	   0.15947951	   0.25713231	   0.47640856	   0.68497712	   1.35929929	   1.33773949	   1.43440141	   1.38242006	   1.48054895
  0.00000000	   0.06249571	   0.13390172	   0.27332974	   0.43310013	   0.70457195	   1.60986576	   1.79893251	   1.96035512	   1.53740693	   1.18780094
  0.00000000	   0.06722755	   0.16863285	   0.30194016	   0.48479244	   0.80063637	   1.30204584	   1.33593501	   1.89476670	   1.85044710	   1.12098670
  0.00000000	   0.09809600	   0.21732903	   0.44459662	   0.56060627	   0.78103530	   1.00030010	   1.45627271	   1.57466860	   1.47486654	   1.45558547
  0.00000000	   0.09105460	   0.23383292	   0.46794660	   0.74635476	   0.94131789	   1.05748643	   1.17642828	   1.60186624	   1.09911544	   1.40499144
  0.00000000	   0.05310321	   0.12159668	   0.20291595	   0.39761597	   0.93933661	   1.53282511	   1.38190109	   1.70427918	   1.05977854	   1.37020124
  0.00000000	   0.04645358	   0.10996277	   0.24755450	   0.46535844	   0.81487106	   0.73497275	   1.68832459	   1.66242346	   1.70507321	   1.50767093
  0.00000000	   0.04258895	   0.08631639	   0.14950895	   0.29090412	   0.53479840	   1.02306531	   1.28194970	   1.81873537	   1.76605116	   1.73991360
  0.00000002	   0.12170836	   0.30611358	   0.46620167	   0.64097189	   0.97387129	   0.89851385	   1.23299206	   1.23950726	   1.78955320	   1.50997267
  0.00000000	   0.06726994	   0.15537517	   0.38806822	   0.78147932	   1.22541287	   1.24428573	   1.72285621	   1.49854074	   1.41844041	   1.42817486
  0.00000002	   0.09120697	   0.23855319	   0.42544961	   0.74140839	   1.00319252	   1.37888601	   1.34817518	   1.39873975	   1.40329972	   1.20584792
  0.00000002	   0.08668808	   0.21591789	   0.49012775	   0.87687366	   1.20167267	   1.42238863	   1.70868972	   1.55332850	   1.53102869	   1.62630343
  0.00000000	   0.07012743	   0.20843544	   0.45554409	   0.79071662	   1.38608735	   1.78456682	   1.46270387	   1.50573318	   1.53107341	   1.42897558
  0.00000000	   0.06137649	   0.09757843	   0.14359443	   0.27378553	   0.76554115	   1.98928950	   1.57066401	   1.89092871	   2.14442417	   1.99667323
  0.00000000	   0.09765730	   0.24356593	   0.45829973	   0.63020496	   0.99385300	   1.66555403	   1.77676858	   1.90458943	   1.67214334	   1.43329584
  0.00000000	   0.07501758	   0.17666029	   0.32899723	   0.56015308	   1.00095534	   1.43441725	   1.39470434	   1.91991579	   1.60428771	   1.35469424
  0.00000000	   0.06153190	   0.15010437	   0.26706339	   0.38033889	   0.70234913	   0.95563179	   1.46654637	   1.50564483	   1.75101501	   1.12237737
  0.00000000	   0.06792154	   0.11689876	   0.28828422	   0.54266361	   0.98973704	   0.89236157	   1.58160183	   1.75565244	   1.71048065	   1.66708518
  0.00000002	   0.07833845	   0.17145688	   0.33961018	   0.63759760	   1.09975241	   1.49301025	   1.11464189	   1.31199642	   1.34083585	   2.09573925
  0.00000000	   0.06234603	   0.14882686	   0.31564229	   0.62183417	   1.23880912	   1.72776078	   1.28061489	   1.01525404	   1.80217261	   1.06289947
  0.00000000	   0.04795240	   0.10927549	   0.21709644	   0.32794390	   0.50386369	   0.80347242	   1.03673397	   0.93888062	   1.83837944	   1.56597330
  0.00000002	   0.05406393	   0.09621788	   0.22537570	   0.57382427	   1.48237160	   1.82630026	   0.97309128	   1.86610148	   1.58384877	   1.11771322
  0.00000000	   0.07759169	   0.18482863	   0.29931181	   0.53693293	   1.00244653	   1.58323581	   1.95206171	   1.83495927	   1.24685899	   1.45032268
  0.00000002	   0.08846595	   0.21636711	   0.39043337	   0.61808168	   1.06644447	   1.66004719	   1.68254448	   1.57919018	   0.99566197	   1.41613618
  0.00000000	   0.09986217	   0.23524655	   0.42424429	   0.72818729	   0.99950360	   1.28114480	   1.31427343	   1.89176235	   1.54112955	   1.97943659
  0.00000000	   0.05884451	   0.14009988	   0.29914811	   0.49509300	   0.79831107	   1.34783033	   1.25432702	   1.79117845	   1.54509377	   1.37333698
  0.00000003	   0.07700504	   0.15700558	   0.26680269	   0.55632333	   1.07171298	   1.73672886	   1.23531937	   2.02054222	   1.17958930	   1.31226415
  0.00000000	   0.07863398	   0.17196762	   0.31771836	   0.56291829	   0.81879056	   1.11312678	   1.48394239	   1.75130144	   1.94606205	   1.41379042
  0.00000001	   0.07425352	   0.13993894	   0.24519101	   0.43623640	   0.81280367	   1.64089912	   1.65130220	   1.63336317	   1.62620283	   1.71978004
  0.00000000	   0.11136299	   0.25911127	   0.55065793	   1.02739135	   1.50684267	   1.20405146	   1.09843096	   1.29697651	   1.50263830	   1.43996156
  0.00000000	   0.07767246	   0.18383824	   0.37633287	   0.70366499	   1.34525951	   1.61295659	   1.89129641	   1.81262128	   1.97309030	   1.39179287
  0.00000002	   0.05907237	   0.11306987	   0.22555151	   0.46150313	   0.59392224	   0.58520325	   0.87799332	   0.90182966	   0.97276803	   1.46474855
  0.00000000	   0.06768147	   0.14554043	   0.27563780	   0.45256302	   0.71989498	   1.28818177	   1.62376856	   1.35596668	   2.02035944	   1.35619523
  0.00000002	   0.06939278	   0.14598633	   0.20698268	   0.39498932	   0.65902671	   0.98505523	   0.89488412	   0.93460047	   1.65612549	   1.58560865
  0.00000000	   0.06986542	   0.14387669	   0.26853697	   0.39857021	   0.52267374	   0.63918575	   0.72290738	   1.65441817	   1.89082080	   1.85985851
  0.00000000	   0.07140056	   0.16455543	   0.31044741	   0.79282208	   1.39400560	   1.55572793	   1.90980129	   1.61848402	   1.67728188	   1.62706374
  0.00000001	   0.05182834	   0.10203644	   0.18408873	   0.31329950	   0.61402220	   0.96649373	   1.75058151	   1.56725813	   1.84793676	   1.17224750
  0.00000003	   0.07700427	   0.15253140	   0.26302531	   0.44982411	   0.87127231	   1.51481677	   1.33904447	   1.82922198	   1.42304213	   2.07229035
  0.00000001	   0.08682909	   0.14126790	   0.21855459	   0.46211496	   0.67071203	   0.81936441	   1.26999146	   1.64590006	   1.23554874	   1.39200509
  0.00000002	   0.05730661	   0.15205284	   0.30355470	   0.75025756	   1.16362478	   1.39900281	   1.41077030	   1.70837927	   1.90451948	   1.87617639
  0.00000002	   0.06442488	   0.14770893	   0.26497016	   0.40378827	   0.57684194	   0.87972317	   1.88339170	   1.59909994	   1.67248969	   1.49293630
  0.00000000	   0.05672651	   0.13337781	   0.22820071	   0.32719841	   0.38844939	   0.53269393	   2.00598447	   2.14422040	   1.58309629	   2.05753121
  0.00000000	   0.07909829	   0.20755848	   0.35243130	   0.67704211	   1.06895914	   1.19872483	   1.08381492	   1.84593763	   1.42800530	   1.20025236
  0.00000000	   0.06338002	   0.15101885	   0.30676351	   0.54549462	   0.68825115	   1.64014974	   1.73672185	   1.21474984	   1.37392415	   1.52698042
  0.00000001	   0.07684843	   0.19003280	   0.30995452	   0.46281888	   0.80124815	   1.61022302	   1.31771603	   1.37168755	   1.54926846	   1.46366128
  0.00000001	   0.08853366	   0.22984906	   0.36125542	   0.53500487	   1.05615506	   1.79200841	   1.75104097	   1.57566180	   1.68192236	   1.89244199
  0.00000000	   0.10995474	   0.28943998	   0.61919974	   0.96206158	   1.18352818	   1.37450558	   1.48706108	   1.81269828	   1.52755337	   1.80798334
  0.00000000	   0.05224167	   0.12147811	   0.19171543	   0.45263041	   0.78756934	   1.98507785	   2.28565886	   2.06597498	   1.41797232	   1.14096494
  0.00000000	   0.06674777	   0.15911983	   0.29617623	   0.51923529	   0.75414800	   1.03968046	   1.76123556	   1.49612302	   1.74653394	   2.09946694
  0.00000002	   0.09345164	   0.19827559	   0.36854037	   0.54366192	   0.92517924	   1.09132473	   1.45117732	   1.86777613	   1.60827798	   1.29182638
  0.00000000	   0.05752032	   0.12316455	   0.20687027	   0.33201106	   0.73311363	   1.38777721	   1.49061422	   1.71564520	   1.60126621	   1.65127212
  0.00000000	   0.07522942	   0.15113973	   0.23547711	   0.35415256	   0.46966872	   0.88788222	   1.76835077	   1.72710355	   1.37844580	   1.37650920
  0.00000002	   0.08304405	   0.16672128	   0.33765800	   0.67978727	   1.09915406	   1.10332404	   1.32305903	   1.37668029	   1.35156842	   1.28913749
  0.00000000	   0.06210318	   0.13146505	   0.24464392	   0.48145007	   1.05306484	   1.50973322	   1.53671127	   1.84067721	   1.59530535	   1.84114453
  0.00000000	   0.08012592	   0.19545327	   0.31093624	   0.41441974	   0.54018317	   1.59815149	   1.61527133	   1.64496220	   1.88567716	   1.44006552
  0.00000000	   0.05692620	   0.15128992	   0.27702769	   0.49089498	   0.78572177	   1.21444633	   1.26267876	   1.40925920	   1.79927371	   1.06727031
  0.00000000	   0.04341686	   0.10838506	   0.23344211	   0.45666583	   0.82306370	   1.07970369	   1.66952554	   2.07809951	   1.43626902	   1.97324183
  0.00000000	   0.08063315	   0.16910939	   0.25604155	   0.38371421	   0.54102402	   0.72841640	   1.05388367	   1.91772072	   1.52343764	   1.68017728
  0.00000002	   0.06515628	   0.13955146	   0.25174313	   0.51238603	   1.32957725	   1.82639093	   1.53089901	   1.83440434	   1.53249464	   1.24637957
  0.00000000	   0.07757713	   0.19485840	   0.34945772	   0.56218910	   1.02713479	   1.48180368	   1.10511692	   1.39625623	   1.71476673	   1.63623819
  0.00000000	   0.05937203	   0.12894904	   0.21758904	   0.35533911	   0.67092690	   1.73115614	   2.07570580	   1.17038877	   2.04855888	   1.18325367
  0.00000000	   0.05415174	   0.10813287	   0.16603676	   0.26202039	   0.33342357	   0.39031850	   0.45529980	   0.72621665	   1.30478083	   1.66629947
  0.00000000	   0.06752951	   0.11337813	   0.21071220	   0.26863445	   0.61698018	   1.11934949	   1.67428206	   1.54710097	   1.23235796	   1.56397942
  0.00000000	   0.08424993	   0.17962341	   0.30127638	   0.44894589	   0.74334080	   1.52894470	   1.85313462	   1.65961019	   1.64788024	   1.10730983
  0.00000002	   0.05411678	   0.12443005	   0.22456493	   0.36780653	   0.54142908	   0.76352590	   0.98640458	   1.46335890	   1.96209944	   1.34027458
  0.00000002	   0.05296768	   0.13098484	   0.25758232	   0.41908707	   0.75456879	   1.45056981	   1.46245752	   2.29027725	   1.01793023	   1.91130064
  0.00000002	   0.07360311	   0.17289275	   0.31472377	   0.56526509	   0.67467356	   0.85187571	   1.94500722	   1.38305021	   1.38035810	   1.98227371
  0.00000002	   0.07351665	   0.16660393	   0.24279235	   0.40901716	   0.73021699	   1.43653502	   1.26634267	   1.64780398	   1.54611405	   1.14622427
  0.00000000	   0.05490976	   0.10897886	   0.17681141	   0.31542099	   0.54062975	   0.99593327	   1.94515907	   1.19185875	   1.71802241	   1.86809228
  0.00000000	   0.05052148	   0.10925411	   0.14998100	   0.26747008	   0.43258570	   0.65933390	   1.52108768	   1.71055618	   2.34336957	   1.84934197
  0.00000000	   0.05668506	   0.11590019	   0.18953159	   0.30620798	   0.41225952	   0.60629789	   1.06325306	   1.25015447	   1.88949632	   1.45900551
  0.00000000	   0.08834936	   0.17014947	   0.33209387	   0.58232871	   1.06884608	   1.27730825	   1.61394143	   1.81250920	   1.13033758	   1.97565005
  0.00000001	   0.04356599	   0.10761639	   0.19643986	   0.36134549	   0.67134356	   0.75535547	   0.93419441	   1.61357946	   1.13994251	   2.12835963
  0.00000000	   0.08106192	   0.15948436	   0.30849434	   0.48909223	   0.83396973	   1.53183622	   1.72603102	   1.24149696	   1.49669565	   1.16196913
  0.00000000	   0.13640706	   0.27226410	   0.38382589	   0.68208414	   0.71826543	   0.97146170	   1.55760161	   1.67333458	   1.58814928	   1.26456585
  0.00000000	   0.07724962	   0.19420402	   0.39331267	   0.89008455	   1.37085667	   1.30220806	   1.22615977	   1.72203149	   1.03576856	   1.24991624
  0.00000000	   0.07672927	   0.15980678	   0.29984818	   0.52129286	   1.19291975	   1.68266221	   0.74971168	   0.87046968	   0.98369092	   1.12936509
  0.00000000	   0.08336415	   0.20950684	   0.35904527	   0.74103711	   1.12723279	   1.17011987	   1.27794469	   2.00961653	   1.93306151	   1.16968406
  0.00000002	   0.06234372	   0.13106628	   0.24052254	   0.52417959	   0.88886465	   1.90139680	   1.70842192	   1.84725836	   1.21217509	   1.53309778
  0.00000000	   0.07844466	   0.17649103	   0.35409915	   0.71532983	   1.16573583	   1.82302743	   2.06214644	   1.62928695	   1.58427087	   1.48392296
  0.00000000	   0.06060157	   0.15884720	   0.30342340	   0.53265767	   0.85832464	   1.35651735	   1.69121319	   1.61415596	   1.65642747	   1.53772449
  0.00000001	   0.05166298	   0.12222296	   0.25751433	   0.41217166	   0.68762566	   1.61515660	   2.25942715	   1.49668476	   1.11842703	   1.74049750
  0.00000002	   0.06859619	   0.16071829	   0.29508653	   0.54399043	   0.98659060	   1.57551767	   1.88831276	   2.15930165	   1.54925397	   1.94157428
  0.00000002	   0.07928546	   0.17740427	   0.28707324	   0.37414169	   0.77896926	   1.52026146	   0.88399536	   1.68102293	   1.71515108	   1.33348632
  0.00000000	   0.09098015	   0.18713775	   0.36019598	   0.61309298	   0.93154974	   1.27158745	   1.48798932	   1.01234136	   1.38545918	   1.26686278
  0.00000000	   0.07906902	   0.14759751	   0.30420262	   0.48923319	   1.27062578	   1.13261345	   1.79503645	   1.68597977	   1.71125416	   1.67256007
  0.00000000	   0.05569477	   0.13215974	   0.22406783	   0.29133532	   0.41807539	   1.06918548	   1.92705124	   1.24316922	   1.40476842	   1.52974308
  0.00000002	   0.06900696	   0.19523766	   0.28399575	   0.46561022	   0.79334273	   1.40467022	   1.46176296	   1.83981877	   1.77886724	   1.62813873
  0.00000000	   0.05600673	   0.12243284	   0.23156125	   0.45110847	   0.60316051	   0.82008919	   1.19720906	   2.10587854	   1.53241791	   1.88042975
  0.00000000	   0.07555223	   0.14020170	   0.25653696	   0.45390132	   0.72643305	   0.72629825	   1.42553497	   1.61122595	   1.33124710	   1.91741869
  0.00000000	   0.07536900	   0.13911946	   0.24709589	   0.38042782	   0.52678732	   0.84224859	   1.77164924	   1.77608536	   1.27937113	   1.97131370
  0.00000001	   0.07262496	   0.16392009	   0.29268183	   0.50821219	   0.96892554	   1.72149816	   1.91911490	   1.48289088	   1.20617820	   1.47814307
  0.00000001	   0.04376981	   0.10119220	   0.17117265	   0.27284709	   0.45377048	   1.87806315	   2.52837097	   1.35978769	   1.44184169	   1.61180689
  0.00000002	   0.07403173	   0.17758265	   0.34564213	   0.60587898	   1.12153581	   1.22401540	   1.72219039	   1.16728222	   1.62561078	   1.75972260
  0.00000000	   0.04648644	   0.10147195	   0.19136144	   0.31829102	   0.62510263	   1.10562585	   1.42071994	   1.64208676	   1.87806418	   1.92166868
  0.00000000	   0.10528217	   0.22745600	   0.37957295	   0.53922665	   0.93154492	   1.30325298	   1.23540649	   1.69992200	   1.83035529	   1.50043163
  0.00000000	   0.05365980	   0.09571363	   0.15191314	   0.39823099	   0.96640544	   1.32029191	   1.26374923	   1.53609844	   1.35229273	   1.65222148
  0.00000000	   0.05474242	   0.12946757	   0.19361173	   0.24006128	   0.35775688	   0.56143078	   0.84616534	   1.64497381	   2.01320016	   1.23627718
  0.00000000	   0.06185272	   0.12817813	   0.24272398	   0.51008972	   1.73414995	   1.43024586	   1.82439930	   1.49059453	   1.98753519	   1.45899657
  0.00000000	   0.08343026	   0.17738833	   0.29085971	   0.43385443	   0.76133730	   1.26982958	   1.25948184	   1.56183653	   1.31924023	   2.09980839
  0.00000000	   0.05980320	   0.10838778	   0.19456498	   0.37622584	   0.66136433	   0.67156732	   1.77391354	   1.15090890	   1.63414749	   1.44956656
  0.00000002	   0.06258903	   0.15108175	   0.27957019	   0.34168165	   0.58940365	   0.93569022	   2.01442180	   1.72188529	   1.29086925	   1.28469983
  0.00000000	   0.09321463	   0.21702549	   0.40199811	   0.63753825	   1.31879741	   1.51729471	   1.30799737	   1.39437513	   1.36628739	   1.81775333
  0.00000000	   0.04667474	   0.08680502	   0.15042577	   0.27911788	   0.56514842	   2.02475877	   2.23400367	   1.93161415	   1.18111604	   1.62877755
  0.00000002	   0.07445113	   0.15335918	   0.22405570	   0.33981246	   0.58625918	   0.95396500	   1.30660175	   1.82163658	   1.75819438	   1.18499469
  0.00000000	   0.10640545	   0.18449326	   0.28089094	   0.48498672	   0.75484840	   1.31855687	   1.36402774	   1.71081819	   1.78155740	   1.40706008
  0.00000001	   0.09507109	   0.22288480	   0.46657900	   0.79293350	   1.26052068	   1.30515246	   1.88438675	   2.03292524	   1.83214645	   1.67764174
  0.00000000	   0.05804236	   0.13350594	   0.23261519	   0.30193930	   0.58486557	   1.51000314	   1.18202974	   1.10579212	   1.33452722	   1.33787934
  0.00000000	   0.05485745	   0.14021995	   0.20725024	   0.32813510	   0.53655664	   0.99733715	   1.90285342	   1.42522823	   1.71631228	   1.14644388
  0.00000000	   0.09070387	   0.15233499	   0.26115619	   0.44766290	   0.72143533	   0.85705544	   1.26108679	   2.02982928	   1.12523984	   1.00292386
  0.00000000	   0.05378167	   0.12466848	   0.22445031	   0.40711260	   0.69446043	   2.15481480	   1.53427021	   1.67271800	   1.60252146	   1.84184105
  0.00000000	   0.06458297	   0.14453394	   0.28236338	   0.73806307	   1.42748907	   1.65952824	   1.19165565	   1.78907790	   1.72077921	   1.49446410
  0.00000002	   0.05041769	   0.11816435	   0.20643875	   0.41799001	   0.66604310	   0.94811086	   1.36226442	   1.57579142	   2.24059698	   1.70305497
  0.00000000	   0.04428345	   0.10764857	   0.18514764	   0.28664741	   0.47648986	   0.98674021	   1.66813403	   2.06217163	   1.57651738	   1.44872376
  0.00000002	   0.05384486	   0.13826770	   0.27815008	   0.44853101	   0.81397003	   1.10780105	   0.96568081	   1.22753464	   1.58585594	   1.81683807
  0.00000000	   0.10970570	   0.25470951	   0.37872799	   0.53106160	   0.88901997	   1.23873738	   1.86894961	   1.54026531	   1.56636093	   1.51869790
  0.00000000	   0.04391100	   0.09289131	   0.13875589	   0.21228012	   0.38506410	   0.76233044	   1.21920111	   1.71344992	   0.82408859	   2.05201243
  0.00000000	   0.05649145	   0.12470400	   0.17728736	   0.23279121	   0.36946665	   0.49282119	   0.85129065	   2.11530053	   1.37422246	   1.91610947
  0.00000001	   0.08254873	   0.24103731	   0.44882464	   0.83595258	   1.23114348	   1.43411578	   1.44209921	   1.67512558	   1.46268241	   1.71663410
  0.00000000	   0.05687795	   0.11178148	   0.25190649	   0.40782558	   0.77960286	   1.31040420	   1.56913532	   1.39872113	   1.32772542	   1.18639456
  0.00000000	   0.06433610	   0.13056156	   0.22623837	   0.34441895	   0.48395297	   0.59428368	   0.57953404	   0.69823562	   1.42764858	   1.89446213
  0.00000000	   0.06152571	   0.14910060	   0.23479574	   0.37516594	   0.76340474	   1.72052828	   1.73212843	   1.22482860	   2.45981504	   1.28842779
